bilateral: [(0, 10, 2.3333333333333335), (0, 20, 2.3333333333333335), (0, 40, 2.3333333333333335), (0, 80, 2.3333333333333335), (0, 384, 2.3333333333333335), (0, 10, 4.333333333333333), (0, 20, 4.333333333333333), (0, 40, 4.333333333333333), (0, 80, 4.333333333333333), (0, 384, 4.333333333333333), (0, 10, 7.0), (0, 20, 7.0), (0, 40, 7.0), (0, 80, 7.0), (0, 384, 7.0), (0, 10, 10.333333333333334), (0, 20, 10.333333333333334), (0, 40, 10.333333333333334), (0, 80, 10.333333333333334), (0, 384, 10.333333333333334), (0, 10, 15.0), (0, 20, 15.0), (0, 40, 15.0), (0, 80, 15.0), (0, 384, 15.0), (0, 10, 21.666666666666668), (0, 20, 21.666666666666668), (0, 40, 21.666666666666668), (0, 80, 21.666666666666668), (0, 384, 21.666666666666668)]
dog
best quality, extremely detailed
longbody, lowres, bad anatomy, bad hands, missing fingers, extra digit, fewer digits, cropped, worst quality, low quality
2
512
384
20
False
1
9
893979278
0.0
