bilateral: [(7, 7, 7), (7, 7, 10.5), (7, 7, 14), (7, 7, 21), (7, 10.5, 7), (7, 10.5, 10.5), (7, 10.5, 14), (7, 10.5, 21), (7, 14, 7), (7, 14, 10.5), (7, 14, 14), (7, 14, 21), (7, 21, 7), (7, 21, 10.5), (7, 21, 14), (7, 21, 21), (13, 13, 13), (13, 13, 19.5), (13, 13, 26), (13, 13, 39), (13, 19.5, 13), (13, 19.5, 19.5), (13, 19.5, 26), (13, 19.5, 39), (13, 26, 13), (13, 26, 19.5), (13, 26, 26), (13, 26, 39), (13, 39, 13), (13, 39, 19.5), (13, 39, 26), (13, 39, 39), (21, 21, 21), (21, 21, 31.5), (21, 21, 42), (21, 21, 63), (21, 31.5, 21), (21, 31.5, 31.5), (21, 31.5, 42), (21, 31.5, 63), (21, 42, 21), (21, 42, 31.5), (21, 42, 42), (21, 42, 63), (21, 63, 21), (21, 63, 31.5), (21, 63, 42), (21, 63, 63), (31, 31, 31), (31, 31, 46.5), (31, 31, 62), (31, 31, 93), (31, 46.5, 31), (31, 46.5, 46.5), (31, 46.5, 62), (31, 46.5, 93), (31, 62, 31), (31, 62, 46.5), (31, 62, 62), (31, 62, 93), (31, 93, 31), (31, 93, 46.5), (31, 93, 62), (31, 93, 93), (45, 45, 45), (45, 45, 67.5), (45, 45, 90), (45, 45, 135), (45, 67.5, 45), (45, 67.5, 67.5), (45, 67.5, 90), (45, 67.5, 135), (45, 90, 45), (45, 90, 67.5), (45, 90, 90), (45, 90, 135), (45, 135, 45), (45, 135, 67.5), (45, 135, 90), (45, 135, 135), (65, 65, 65), (65, 65, 97.5), (65, 65, 130), (65, 65, 195), (65, 97.5, 65), (65, 97.5, 97.5), (65, 97.5, 130), (65, 97.5, 195), (65, 130, 65), (65, 130, 97.5), (65, 130, 130), (65, 130, 195), (65, 195, 65), (65, 195, 97.5), (65, 195, 130), (65, 195, 195)]
dog
best quality, extremely detailed
longbody, lowres, bad anatomy, bad hands, missing fingers, extra digit, fewer digits, cropped, worst quality, low quality
2
512
384
20
False
1
9
893979278
0.0
